PLTSOLVD=T
CRPIX1= 4.1445000000000000E+003
CRPIX2= 2.8225000000000000E+003
CRVAL1= 1.4887062473811909E+002
CRVAL2= 6.9060559646453569E+001
CDELT1=-5.3393824876053623E-004
CDELT2= 5.3394942263911981E-004
CROTA1= 1.2864870240681273E+002
CROTA2= 1.2864227580540717E+002
CD1_1= 3.3342098219038275E-004
CD1_2=-4.1700909640138441E-004
CD2_1=-4.1703777062116181E-004
CD2_2=-3.3347473585738143E-004
CMDLINE="c:\Program Files\astap\astap.exe" -f input.jpg -r 50
WARNING=Warning, increase downsampling!! 
