PLTSOLVD=T
CRPIX1= 4.1445000000000000E+003
CRPIX2= 2.8225000000000000E+003
CRVAL1= 1.4887058663101624E+002
CRVAL2= 6.9060562527971328E+001
CDELT1=-5.3393218698145949E-004
CDELT2= 5.3394735340819496E-004
CROTA1= 1.2864918523279056E+002
CROTA2= 1.2864062389755267E+002
CD1_1= 3.3340517316125416E-004
CD1_2=-4.1700467018979218E-004
CD2_1=-4.1704264866332120E-004
CD2_2=-3.3347695760204863E-004
CMDLINE="c:\Program Files\astap\astap.exe" -f images\m81.jpg -r 50
WARNING=Warning scale was inaccurate! Set FOV=3.01d, scale=1.9"Warning, increase downsampling!! 
